2707
2827 630
488 630
281 630
264 630
2029 630
503 630
1417 630
1465 630
2890 630
727 630
1380 630
914 630
1961 630
867 630
3014 630
3507 630
2732 630
4662 630
318 629
1257 629
1145 629
3905 629
4703 629
107 628
197 628
461 628
1890 628
2131 628
2616 628
80 626
452 626
514 626
1469 626
2393 626
3069 626
3821 626
69 625
347 625
3305 625
3657 625
2710 625
3984 624
4766 624
44 623
187 623
215 623
730 623
2258 623
133 622
532 622
964 622
1730 622
3514 622
3539 622
912 621
616 621
2309 621
4314 621
6162 621
158 620
697 620
508 620
2389 620
4060 620
4764 620
28 618
179 618
291 618
802 618
2251 618
4032 618
4863 618
802 617
2322 617
2582 617
4699 617
7298 617
106 616
455 616
1544 616
1560 616
3414 616
3100 616
574 615
1301 615
1209 615
2379 615
6020 615
3125 614
3465 614
31 613
182 613
397 613
940 613
1660 613
68 612
352 612
1084 612
2148 612
2828 612
2729 612
69 611
98 611
255 611
538 611
1445 611
3676 611
4542 611
6368 611
219 610
509 610
1805 610
3417 610
5106 610
182 609
575 609
691 609
2180 609
3386 609
4238 609
2690 608
4457 608
41 607
210 607
384 607
1637 607
2736 607
1979 606
4553 606
172 605
324 605
430 605
1543 605
3314 605
3388 604
4881 604
78 603
130 603
835 603
1335 603
3026 603
3136 602
4624 602
151 601
382 601
564 601
986 601
2965 601
69 600
396 600
459 600
1375 600
2619 600
1767 600
187 599
1557 599
2577 599
2882 599
6253 599
65 598
885 598
1804 598
807 598
3028 598
5062 598
599 597
1245 597
1707 597
167 596
377 596
1560 596
4465 596
4260 596
2133 595
5557 595
22 594
288 594
383 594
292 594
766 594
184 593
493 593
128 593
2474 593
3793 593
105 592
883 592
1981 592
4815 592
4301 592
4401 591
5790 591
94 590
472 590
920 590
1021 590
2445 590
58 589
27 589
145 589
2430 589
3626 589
448 589
897 589
1117 589
31 589
1384 589
164 589
1551 589
2151 589
4668 588
6902 588
61 587
111 587
62 587
903 587
800 587
4001 587
3832 586
5288 586
54 585
165 585
557 585
550 585
1913 585
2553 585
730 584
2879 584
2943 584
4405 584
7570 584
5375 583
6706 583
76 582
57 582
394 582
1649 582
3347 582
277 581
75 581
1959 581
3997 581
5267 581
7506 581
620 580
2103 580
4243 580
4757 580
8970 580
3545 579
6757 579
27 578
122 578
227 578
1476 578
2665 578
3016 578
2442 577
6780 577
68 576
206 576
1143 576
934 576
4461 576
54 575
1017 575
373 575
638 575
40 575
1383 575
103 575
525 575
138 575
3018 574
4869 574
54 573
79 573
569 573
2718 573
5555 573
3207 572
6037 572
27 571
81 571
311 571
1172 571
1134 571
700 570
1002 570
4058 570
5615 570
6773 570
3972 569
3068 569
40 568
111 568
251 568
1263 568
2695 568
238 567
613 567
2008 567
3095 567
4928 567
6955 567
176 566
1256 566
30 566
798 566
60 566
154 566
361 566
4530 560
6384 560
101 559
154 559
1440 559
3387 559
4739 559
892 558
690 558
2119 558
4261 558
5184 558
527 557
1114 557
2116 557
4095 557
5391 557
4771 556
6736 556
307 555
488 555
1047 555
1934 555
4294 555
4492 554
5491 554
28 553
502 553
881 553
1300 553
3178 553
876 552
1967 552
2489 552
5815 552
5690 552
626 551
845 551
1346 551
2320 551
6532 551
853 550
1433 550
4453 550
4034 550
5608 550
1333 549
1344 549
279 549
22 549
1755 549
1109 549
962 549
5299 549
3735 548
5221 548
257 547
402 547
920 547
2213 547
1576 547
936 546
2875 546
4295 546
5604 546
9788 546
1364 545
4944 545
4256 545
5039 545
5781 545
3319 544
4040 544
51 543
683 543
537 543
1429 543
2589 543
481 542
225 542
227 542
697 542
35 542
277 542
670 540
1580 540
2433 540
2752 540
7519 540
67 538
57 538
742 538
897 538
1773 538
3268 538
4924 538
4207 538
100 536
109 536
349 535
1440 535
2112 535
5022 535
5783 535
223 534
218 534
1185 534
2450 534
3456 534
5517 534
385 533
1057 533
54 533
1174 533
924 533
68 533
22 530
95 530
67 530
71 530
230 530
389 530
379 530
488 530
590 530
542 529
59 528
311 528
456 527
1898 527
2888 527
2562 527
6514 527
31 526
174 526
493 526
787 526
1556 526
3002 526
3567 526
812 525
774 525
3161 525
4026 525
5197 525
198 524
534 524
732 524
1339 524
1113 524
1170 524
1002 523
1554 523
831 523
1947 523
943 522
576 522
3077 522
3047 522
102 521
234 521
820 520
1009 520
2543 520
5172 520
7760 520
1048 519
2345 519
5724 519
6639 519
6954 519
220 518
608 518
2168 518
3292 518
3742 518
4091 518
45 516
229 516
791 515
1609 515
5890 515
3737 515
6706 515
500 514
1122 514
1666 514
4511 514
6589 514
49 513
336 513
1397 513
120 513
132 513
136 513
233 513
248 513
328 513
1099 513
1978 513
2948 513
7104 513
105 512
143 512
750 510
1836 510
3254 510
3398 510
8251 510
365 509
1127 509
442 509
1151 509
3758 509
7334 509
707 508
694 508
2469 508
4931 508
4834 508
948 507
733 507
2368 507
4906 507
6410 507
48 506
486 506
127 505
846 505
1697 505
2722 505
3703 505
68 504
144 504
363 501
1003 501
2540 501
3829 501
5488 501
36 500
208 500
641 500
1670 500
3554 500
3694 500
8482 500
5719 499
5087 499
161 498
412 498
975 498
566 498
3299 498
73 497
94 497
895 496
1538 496
3553 496
3025 496
5467 496
2793 495
4536 495
45 494
222 494
251 494
1048 494
3068 494
258 493
2527 493
2480 493
3736 493
4044 493
932 492
1826 492
3829 492
6805 492
7979 492
127 491
218 491
833 491
523 490
871 490
1241 490
2570 490
2964 490
6815 490
851 489
417 489
2240 489
5872 489
5679 489
4350 489
1357 488
4871 488
51 487
245 487
758 487
1155 487
1903 487
617 486
1089 486
2853 486
3942 486
9211 486
4030 485
3629 485
342 484
768 484
267 484
1992 484
3518 484
1897 483
5076 483
39 482
148 482
348 482
1835 482
4691 482
134 480
233 480
1827 479
2442 479
5279 479
3288 479
9059 479
88 478
1462 478
3442 478
5892 478
7919 478
24 477
211 477
918 476
1939 476
3061 476
4695 476
6883 476
59 475
126 475
1033 475
614 475
3142 475
3432 475
1001 474
872 474
3731 474
1423 474
6145 474
7167 474
106 472
127 472
73 472
1879 472
4151 472
5198 472
9580 472
28 471
1583 471
2299 471
3978 471
6624 471
64 470
64 470
69 470
150 470
112 470
119 470
209 470
418 470
3630 469
8595 469
22 468
71 468
426 468
1437 468
3864 468
309 467
725 467
3252 467
6570 467
10778 467
637 466
792 466
4642 466
1975 466
7817 466
4852 465
5250 465
109 464
224 464
954 464
1104 464
2702 464
641 463
1726 463
2461 463
5495 463
5254 463
4164 462
5733 462
104 461
149 461
772 461
1470 461
6380 461
179 460
565 460
2175 460
4314 460
9345 460
1447 459
1849 459
2190 459
6368 459
6650 459
22 457
19 457
79 457
443 457
653 457
889 457
4860 456
6004 456
133 455
430 455
1427 455
1695 455
7201 455
4351 454
6170 454
83 453
83 453
644 453
1336 453
3341 453
211 452
275 452
983 452
869 452
1489 452
4186 452
600 451
1553 451
1987 451
5390 451
9305 451
4349 450
5656 450
94 449
584 449
819 449
1626 449
2608 449
609 448
2399 448
1971 448
4006 448
7339 448
4748 447
4390 447
40 446
98 446
658 446
1477 446
3437 446
2886 445
4506 445
174 444
231 444
664 444
554 444
1933 444
2291 443
8360 443
55 442
275 442
666 442
1923 442
1311 442
196 441
538 441
2989 441
3258 441
5995 441
82 440
354 440
1123 440
2162 440
456 439
1594 439
1736 439
4851 439
6579 439
98 438
810 438
266 437
1395 437
3347 437
2444 437
3878 437
64 436
274 436
125 436
1426 436
2348 436
2291 436
127 435
445 435
1735 435
2815 435
4852 435
47 434
108 434
224 433
643 433
1366 433
3511 433
3870 433
318 432
1187 432
1325 432
3877 432
6671 432
199 431
851 431
3695 431
3525 431
6011 431
1665 430
1428 430
166 429
795 429
454 429
2051 429
2574 429
814 427
650 427
2019 427
4651 427
6754 427
2371 426
4066 426
232 425
523 425
522 425
693 425
2202 425
39 424
344 424
1577 424
2471 424
3460 424
233 421
1827 421
82 420
263 420
535 420
724 420
2604 420
48 418
104 418
443 417
907 417
2253 417
1139 417
1267 417
376 416
388 416
1881 416
2789 416
3003 416
2308 415
4121 415
38 414
335 414
885 414
3641 414
3339 414
168 413
267 413
903 413
1009 413
1275 413
528 412
782 412
1725 412
2024 412
1950 412
794 411
968 411
2742 411
30 409
2574 409
144 409
384 409
334 409
572 409
1220 409
847 409
1459 409
2696 408
3569 408
80 407
222 407
360 407
2136 407
2188 407
117 406
530 406
594 405
1635 405
2637 405
3332 405
7561 405
281 404
885 404
1725 404
2101 404
5022 404
51 403
415 403
795 402
1080 402
2380 402
1935 402
2839 402
122 401
1035 401
3668 401
3017 401
5844 401
443 400
907 400
1949 400
2579 400
3757 400
739 399
1262 399
24 398
174 398
109 398
370 398
540 398
395 397
741 397
32 396
158 396
435 396
394 396
468 396
43 394
154 394
266 394
313 394
867 394
539 393
1082 393
30 392
73 392
162 392
328 392
396 392
24 391
24 391
55 391
54 391
45 391
84 391
118 391
83 391
76 391
122 391
198 391
447 391
134 390
257 390
360 390
584 390
838 390
3325 389
4546 389
28 388
113 388
1158 388
1147 388
3864 388
391 387
303 387
1364 387
3538 387
4680 387
161 386
251 386
690 386
1305 386
269 385
398 385
2099 385
3531 385
5371 385
1896 384
5578 384
211 383
767 383
1295 383
352 383
2776 383
99 382
443 382
2205 382
875 382
3739 382
3307 381
5127 381
111 380
227 380
1608 380
363 380
1678 380
40 379
597 379
203 379
954 379
3614 379
4517 379
9373 379
2221 378
5512 378
90 377
327 377
530 377
1061 377
3712 377
2195 376
3437 376
62 375
515 375
196 375
1680 375
1859 375
92 374
438 374
954 374
1447 374
1300 374
1486 373
3587 373
68 372
265 372
639 372
1048 372
2850 372
495 371
1306 371
2108 371
2488 371
2872 371
107 370
351 370
917 370
1665 370
2639 370
490 369
506 369
2242 369
2795 369
5141 369
5023 368
3946 368
183 367
307 367
905 367
1342 367
2528 367
367 366
557 366
1317 366
2649 366
2922 366
3506 365
3720 365
89 364
262 364
357 364
660 364
1916 364
88 363
1082 363
2695 363
4456 363
3437 363
270 362
404 362
809 362
3837 362
1955 362
2482 361
3647 361
120 360
155 360
350 360
864 360
1266 360
217 359
1116 359
1038 359
2319 359
3336 359
207 358
1210 358
932 358
2394 358
3203 358
2573 357
3550 357
80 356
206 356
730 356
1171 356
2546 356
2623 355
3584 355
491 354
78 354
1088 354
251 354
2291 354
284 353
942 353
1986 353
1320 353
4444 353
3035 352
5081 352
601 351
232 351
259 351
1134 351
1674 351
378 350
111 350
2127 350
1854 350
4446 350
2831 349
6199 349
106 348
296 348
421 348
829 348
2942 348
3940 347
3499 347
79 346
226 346
653 346
1005 346
3059 346
19 345
20 345
19 345
50 345
92 345
91 345
307 345
3522 344
8829 344
113 343
795 343
1173 343
2808 343
3068 343
678 342
264 342
1092 342
1920 342
3340 342
122 341
341 341
981 340
2050 340
1916 340
904 340
4081 340
274 339
2634 339
2247 339
7359 339
13218 339
258 338
205 338
569 337
1311 337
2147 337
2469 337
9501 337
53 336
471 336
1321 336
873 336
3937 336
58 335
62 335
169 335
322 335
725 335
950 335
2046 334
5500 334
300 333
736 333
196 333
1415 333
2446 333
136 332
193 332
502 332
2413 332
2628 332
32 331
30 331
44 331
55 331
106 331
177 331
161 331
1184 331
431 331
553 331
834 331
919 331
3610 330
5986 330
62 329
205 329
428 329
2015 329
2548 329
456 328
667 328
453 327
1042 327
1550 327
4197 327
6556 327
215 325
159 325
143 325
791 325
1375 325
153 323
154 323
264 323
2900 322
4264 322
419 321
151 321
844 321
1077 321
2044 321
2108 320
4869 320
123 319
190 319
832 319
1181 319
1485 319
3119 318
8253 318
66 317
472 317
265 317
1111 317
2734 317
149 316
258 316
624 316
108 316
104 316
119 316
255 316
256 316
1082 316
233 316
223 316
250 316
299 316
326 316
1105 316
1052 316
1615 316
1862 316
2739 315
2561 315
118 314
263 314
847 314
772 314
1389 314
263 313
679 313
2195 313
5373 313
7236 313
2769 312
2839 312
137 311
296 311
206 311
438 311
2268 311
53 309
99 309
340 309
234 309
285 309
109 306
181 306
197 306
1006 306
274 305
292 305
1377 305
1302 305
1899 305
1587 304
2984 304
70 303
128 303
449 303
937 303
2167 303
2384 302
3256 302
94 301
575 301
251 301
1001 301
1721 301
360 300
282 300
1563 300
2179 300
4345 300
1613 299
2019 299
2737 298
2672 298
90 297
229 297
456 297
1931 297
2142 297
686 296
3933 296
288 295
268 295
705 295
1986 295
2840 295
309 294
145 294
1073 294
1635 294
4192 294
218 293
137 293
370 293
221 293
1402 293
1060 292
890 292
573 292
2396 292
1716 292
635 291
1267 291
1467 291
2482 291
3693 291
35 290
77 290
1357 290
833 290
1629 290
1949 290
2979 289
2707 289
120 288
348 288
1296 288
1647 288
3677 288
1680 287
3979 287
187 286
188 286
670 286
641 286
1921 286
203 285
908 285
4162 285
3791 285
4246 285
3182 284
2550 284
190 283
261 283
700 283
1459 283
2611 283
785 282
712 282
2755 282
3080 282
15380 282
1494 281
11781 281
55 280
177 280
693 280
1264 280
792 280
808 279
350 279
1947 279
4291 279
2602 279
2084 278
5195 278
387 277
104 277
296 277
530 277
3689 277
567 276
2030 276
3012 276
3867 276
5381 276
1163 275
4118 275
75 274
411 274
182 274
1341 274
3194 274
120 273
193 273
593 272
1311 272
2521 272
2266 272
4172 272
267 271
1659 271
1777 271
3095 271
9916 271
2495 270
6503 270
35 269
196 269
700 269
1724 269
2038 269
607 268
229 268
3269 268
7237 268
8605 268
73 267
258 267
1471 267
291 266
294 266
759 266
9885 266
12687 266
3986 265
4295 265
96 264
174 264
941 264
2301 264
3392 264
190 263
1169 263
739 263
4043 263
10328 263
2692 262
4851 262
169 261
213 261
495 261
776 261
2316 261
200 260
583 260
1373 260
1784 260
3048 260
3811 259
3738 259
349 258
319 258
656 258
882 258
4847 258
150 257
898 257
1311 257
2109 257
2828 257
291 256
149 256
490 255
928 255
1559 255
2532 255
5388 255
256 254
202 254
849 254
1289 254
2410 254
251 253
429 253
1066 253
2586 253
2910 253
974 252
2494 252
44 251
171 251
564 251
749 251
2899 251
293 250
514 250
1057 250
1081 250
1902 250
117 249
135 249
171 248
283 248
547 248
2239 248
3465 248
291 246
2115 246
1577 246
3182 246
4107 246
1230 245
314 245
488 245
1802 245
1329 245
993 245
2811 245
2933 245
1558 244
3202 244
56 243
80 243
277 243
703 243
1441 243
1072 242
793 242
1424 242
3483 242
3100 242
443 241
197 241
203 241
74 241
391 241
140 241
1615 241
290 240
119 240
954 239
3642 239
119 238
82 238
497 238
688 238
1328 238
573 237
328 237
1900 237
1672 237
6590 237
2586 236
11243 236
177 235
100 235
312 235
903 235
3021 235
429 234
822 234
925 234
650 234
1032 234
2005 234
2360 234
2051 234
2193 233
4831 233
103 232
182 232
77 232
675 232
1191 232
382 231
1732 231
1773 231
1745 231
16590 231
5456 230
7374 230
247 229
657 229
938 229
1336 229
2134 229
757 228
240 228
311 228
1913 228
8420 228
2473 227
2150 227
139 226
472 226
393 226
895 226
1935 226
406 225
414 225
1944 225
1571 225
2967 225
1893 224
4244 224
46 223
22 223
714 223
775 223
1168 223
792 222
1151 222
738 222
2445 222
3272 222
2534 221
4070 221
368 220
183 220
545 220
1555 220
3597 220
346 219
1591 219
2025 219
2050 219
4593 219
3297 218
2183 218
127 217
117 217
176 217
576 217
3559 217
314 216
666 216
842 216
1489 216
2899 216
249 215
940 215
324 215
1969 215
3416 215
1724 214
5833 214
241 213
207 213
798 213
756 213
935 213
375 212
198 212
203 212
194 212
27 212
235 209
148 209
250 209
586 208
2842 208
770 208
825 208
9016 208
19 207
22 207
19 207
21 207
19 207
21 207
28 207
37 207
21 207
45 207
25 207
22 207
30 207
74 207
83 207
122 207
91 207
123 207
133 207
2107 205
3580 205
245 204
211 204
616 204
1882 204
1889 204
164 203
752 203
2161 203
1724 203
2664 203
582 202
2681 202
159 201
202 201
629 201
740 201
1459 201
167 200
538 200
629 200
6350 200
236 200
414 199
3930 199
224 198
26 198
214 198
1227 198
1532 198
1790 197
1933 197
236 196
159 196
369 196
872 196
2560 196
385 195
509 195
586 195
1936 195
2340 195
1790 194
2761 194
126 193
136 193
242 193
548 193
1180 193
2103 192
2571 192
340 191
118 191
1024 191
623 191
1449 191
325 190
758 190
860 190
1247 190
2710 190
1556 189
6075 189
121 188
133 188
183 188
210 188
253 188
264 188
257 188
367 188
25 187
140 187
535 187
782 187
1401 187
1511 186
3142 186
31 185
187 185
38 185
850 185
2237 185
42 183
121 183
196 183
297 183
278 183
641 182
1947 182
296 182
2311 182
166 182
831 181
1227 181
1037 180
595 180
402 180
1422 180
187 180
335 180
112 178
125 178
219 178
129 178
162 178
219 178
153 178
173 178
405 178
208 178
207 178
353 178
364 178
381 178
413 178
635 178
631 178
639 178
39 177
46 177
58 177
200 177
207 177
349 177
678 177
1002 177
751 177
783 177
1180 177
1369 177
1625 177
1673 177
185 176
155 176
281 176
582 176
824 176
27 175
123 175
174 175
715 175
887 175
1572 175
466 174
714 174
1041 174
190 173
137 173
582 173
812 173
1437 173
204 172
877 172
865 172
1680 172
2766 172
101 171
294 171
657 171
288 171
1189 171
356 171
1565 171
1745 171
1413 169
1586 169
880 168
3970 168
150 167
86 167
311 167
831 167
1405 167
3383 166
171 166
1948 166
619 166
3809 166
748 165
505 165
2796 165
2949 165
4619 165
19 164
116 164
329 164
312 164
554 164
252 163
151 163
391 163
621 163
1173 163
38 162
28 162
43 162
19 162
95 162
135 162
170 162
82 162
245 162
474 162
104 461
285 161
285 161
2070 161
325 161
1281 161
2367 161
231 160
458 160
1505 160
4273 160
11970 160
720 159
2199 159
1675 159
2409 159
1853 159
1106 158
4158 158
4426 158
15017 158
22048 158
3638 157
3675 157
85 156
315 156
858 156
1157 156
1774 156
3031 155
7220 155
32 154
228 154
678 154
1447 154
1747 154
32 153
37 153
47 153
100 153
203 153
169 152
143 152
2414 152
1859 152
4568 152
2292 151
5573 151
121 150
183 150
372 150
1510 150
2267 150
514 149
609 149
1778 149
1300 149
6485 149
973 148
1614 148
1392 148
1779 148
10586 148
262 147
1041 147
2003 146
4909 146
483 145
121 145
717 145
986 145
3274 145
280 144
1179 144
1869 144
2080 144
8925 144
2132 143
2962 143
20 142
140 142
374 142
1065 142
1429 142
241 141
246 141
1001 141
2050 141
7759 141
210 140
181 140
1414 140
1582 140
1000 140
2289 140
876 139
4119 139
65 138
191 138
415 138
585 138
1263 138
550 137
673 137
1985 137
3509 137
3481 137
2505 136
9953 136
105 135
199 135
685 135
1365 135
2911 135
269 134
658 134
1488 134
3011 133
12369 133
202 132
375 132
1009 132
360 132
1917 132
359 131
851 131
1835 131
3093 131
3478 131
13458 131
55 130
62 130
123 130
138 130
126 130
154 130
216 130
300 130
289 130
470 130
2418 129
4356 129
38 128
537 128
837 128
727 128
1560 128
3109 127
3628 127
27 126
335 126
434 126
2391 126
840 126
220 125
150 125
486 125
948 125
1209 125
1428 124
5973 124
134 123
288 123
268 123
633 123
1232 123
3142 122
11261 122
335 121
147 121
727 121
1343 121
2272 121
471 120
221 120
581 120
518 120
1372 120
1417 120
1249 120
1796 120
1743 120
2102 120
44 119
180 119
501 119
726 119
9572 119
626 118
2404 118
1003 118
6106 118
19572 118
78 117
220 117
1055 117
980 117
1488 117
3411 116
13661 116
277 115
119 115
399 115
1380 115
4470 115
1148 114
4455 114
44 113
184 113
500 113
875 113
1120 113
2112 112
13397 112
20 111
246 111
581 111
1272 111
2149 111
2735 110
10222 110
33 109
357 109
865 109
712 109
3607 109
1214 108
3028 108
60 107
194 107
198 107
1172 107
1607 107
327 106
633 106
1394 106
2350 106
2833 106
114 105
82 105
192 105
577 105
1085 105
3304 104
159 103
539 103
534 103
2298 103
2417 103
2685 102
1420 102
176 101
209 101
369 101
728 101
1584 101
20 100
142 100
37 100
57 100
80 100
100 100
150 100
244 100
168 100
270 100
1184 99
2607 99
45 98
115 98
175 98
33 98
683 98
39 97
71 97
139 97
215 97
150 97
2275 96
14035 96
322 95
156 95
920 95
497 95
931 95
1502 94
3557 94
198 93
188 93
157 93
486 93
1171 93
1972 92
4743 92
222 91
158 91
421 91
1483 91
1321 91
1635 90
1826 90
25 89
167 89
340 89
325 89
917 89
684 88
1598 88
79 87
286 87
631 87
606 87
1377 87
114 86
1140 86
234 86
216 86
623 86
245 85
662 85
387 85
742 85
1232 85
650 84
4565 84
159 83
320 83
228 83
771 83
2139 83
150 82
657 82
614 82
1254 82
10036 82
125 81
477 81
1025 81
1229 81
3173 81
1982 80
3925 80
32 79
211 79
822 79
1338 79
1827 79
170 78
145 78
670 78
1815 78
2880 78
149 77
180 77
473 77
984 77
968 77
269 76
769 76
659 76
54 76
220 76
295 76
161 75
515 75
1261 75
972 75
4174 75
44 74
195 74
486 74
922 74
2495 74
26 73
139 73
245 73
600 73
298 73
794 73
191 72
155 72
260 72
61 72
94 72
32 72
229 72
27 72
89 72
226 71
213 71
1352 71
1862 71
22988 71
156 70
195 70
336 70
1002 70
1875 70
901 69
394 69
358 69
1349 69
9081 69
20 68
189 68
220 68
1036 68
2102 68
167 67
560 67
217 67
469 67
940 67
343 66
1101 66
514 66
2573 66
2406 66
23 65
244 65
420 65
836 65
951 65
36 64
51 64
65 64
109 64
140 64
177 64
208 64
288 64
398 64
296 63
412 63
667 63
1547 63
3594 63
79 62
194 62
156 62
752 62
1737 62
866 61
1120 61
391 61
1399 61
8309 61
154 60
175 60
322 60
1528 60
1678 60
394 59
296 59
767 59
1909 59
7007 59
68 58
342 58
686 58
2791 58
11224 58
55 57
173 57
600 57
666 57
1280 57
452 56
325 56
491 56
1210 56
2348 56
257 55
505 55
630 55
834 55
1383 55
67 54
242 54
404 54
394 54
1023 54
241 53
751 53
1625 53
492 53
1671 53
818 52
638 52
1511 52
148 51
143 51
252 51
527 51
551 51
1019 51
194 50
327 50
385 50
1820 50
17632 50
231 49
613 49
608 49
1082 49
2638 49
40 48
42 48
42 48
192 48
901 48
425 48
981 48
1516 48
166 47
269 47
219 47
1296 47
2886 47
40 46
166 46
427 46
584 46
926 46
1323 46
2810 46
431 45
738 45
35 45
278 45
36 45
322 45
549 45
363 45
113 45
1336 45
335 44
100 44
512 44
72 44
22 44
836 44
413 44
873 44
815 44
1352 44
204 43
503 43
1606 43
2121 43
4399 43
76 42
208 42
251 42
479 42
1177 42
671 41
522 41
1365 41
1156 41
9555 41
200 40
52 40
141 40
618 40
1278 40
26 39
743 39
50 39
900 39
52 39
680 39
357 39
1014 39
199 39
914 39
341 39
61 38
199 38
209 38
621 38
305 38
1001 38
1529 38
4952 38
184 37
163 37
517 37
503 37
6261 37
149 36
232 36
162 36
694 36
1216 36
308 35
639 35
855 35
543 35
1752 35
315 34
1267 34
1474 34
3904 34
3270 34
55 33
426 33
879 33
799 33
1505 33
169 32
508 32
608 32
1743 32
1895 32
368 31
370 31
667 31
1239 31
2290 31
199 30
213 30
637 30
537 30
1253 30
219 29
487 29
964 29
867 29
1861 29
22 28
226 28
286 28
959 28
449 28
707 27
515 27
915 27
1383 27
3002 27
196 26
227 26
376 26
2015 26
3413 26
565 25
1293 25
1263 25
2544 25
7613 25
334 24
239 24
590 24
775 24
1464 24
236 23
168 23
348 23
923 23
1597 23
312 22
710 22
835 22
1233 22
2608 22
220 21
600 21
490 21
571 21
2308 20
755 20
1355 20
278 19
363 19
338 19
719 19
1030 19
336 18
458 18
2054 18
830 18
1578 18
263 17
302 17
296 17
1034 17
2450 17
664 16
534 16
1281 16
1731 16
3230 16
199 15
218 15
632 15
570 15
1263 15
466 14
1039 14
917 14
1564 14
2858 14
515 13
3028 598
687 13
375 13
2336 13
337 12
526 12
1633 12
2345 12
2673 12
65 11
700 11
270 11
1261 11
2750 11
226 10
618 10
596 10
756 10
1703 10
262 9
753 9
2573 9
1384 9
4479 9
230 8
208 8
823 8
1270 8
1835 8
213 7
903 7
997 7
961 7
2431 7
901 6
550 6
2567 6
2032 6
3934 6
490 5
533 5
1853 5
1881 5
3017 5
2198 4
6094 4
3752 4
32015 4
886 3
2004 3
1336 3
4644 3
495 2
2248 2
4425 2
1734 1
5903 1
33594 1
